  -6.0000000       0.0000000       0.0000000    
  -5.9000000       0.0000000       0.0000000    
  -5.8000000       0.0000000       0.0000000    
  -5.7000000       0.0000000       0.0000000    
  -5.6000000       0.0000000       0.0000000    
  -5.5000000       0.0000000       0.0000000    
  -5.4000000       0.0000000       0.0000000    
  -5.3000000       0.0000000       0.0000000    
  -5.2000000       0.0000000       0.0000000    
  -5.1000000       0.0000000       0.0000000    
  -5.0000000       0.0000000       0.0000000    
  -4.9000000       0.0000000       0.0000000    
  -4.8000000       0.0000000       0.0000000    
  -4.7000000       0.0000000       0.0000000    
  -4.6000000       0.0000000       0.0000000    
  -4.5000000       0.0000000       0.0000000    
  -4.4000000       0.0000000       0.0000000    
  -4.3000000       0.0000000       0.0000000    
  -4.2000000       0.0000000       0.0000000    
  -4.1000000       0.0000000       0.0000000    
  -4.0000000       0.0000000       0.0000000    
  -3.9000000       0.0000000       0.0000000    
  -3.8000000       0.0000000       0.0000000    
  -3.7000000       0.0000000       0.0000000    
  -3.6000000       0.0000000       0.0000000    
  -3.5000000       0.0000000       0.0000000    
  -3.4000000       0.0000000       0.0000000    
  -3.3000000       0.0000000       0.0000000    
  -3.2000000       0.0000000       0.0000000    
  -3.1000000       0.0000000       0.0000000    
  -3.0000000       0.0000000       0.0000000    
  -2.9000000       0.0000000       0.0000000    
  -2.8000000       0.0000000       0.0000000    
  -2.7000000       0.0000000       0.0000000    
  -2.6000000      0.12813781E-01  0.12813638E-01
  -2.5000000       0.0000000       0.0000000    
  -2.4000000      0.19807391E-01  0.14025074E-01
  -2.3000000      0.52779708E-02  0.52779121E-02
  -2.2000000      0.47825837E-01  0.19919851E-01
  -2.1000000      0.47291199E-01  0.23515194E-01
  -2.0000000      0.79737125E-01  0.27488463E-01
  -1.9000000      0.12455481      0.33891227E-01
  -1.8000000      0.20141804      0.45378879E-01
  -1.7000000      0.40490016      0.62508127E-01
  -1.6000000      0.57101997      0.73450359E-01
  -1.5000000      0.93555045      0.95464263E-01
  -1.4000000       1.4182589      0.11801339    
  -1.3000000       2.0656652      0.14297399    
  -1.2000000       3.3656231      0.18007321    
  -1.1000000       5.4781637      0.23197239    
  -1.0000000       8.8368288      0.29414328    
 -0.90000000       14.236725      0.36766168    
 -0.80000000       22.107156      0.45265579    
 -0.70000000       34.369533      0.56367171    
 -0.60000000       55.396076      0.69725915    
 -0.50000000       87.441087      0.84870918    
 -0.40000000       135.90510       1.0014563    
 -0.30000000       217.12724       1.1411735    
 -0.20000000       344.61109       1.2439958    
 -0.10000000E+00   536.98099       1.2459259    
