  -3.0000000       0.0000000       0.0000000    
  -2.9000000       0.0000000       0.0000000    
  -2.8000000       0.0000000       0.0000000    
  -2.7000000       0.0000000       0.0000000    
  -2.6000000       0.0000000       0.0000000    
  -2.5000000       0.0000000       0.0000000    
  -2.4000000       0.0000000       0.0000000    
  -2.3000000       0.0000000       0.0000000    
  -2.2000000       0.0000000       0.0000000    
  -2.1000000       0.0000000       0.0000000    
  -2.0000000       0.0000000       0.0000000    
  -1.9000000       0.0000000       0.0000000    
  -1.8000000       0.0000000       0.0000000    
  -1.7000000       0.0000000       0.0000000    
  -1.6000000       0.0000000       0.0000000    
  -1.5000000       0.0000000       0.0000000    
  -1.4000000       0.0000000       0.0000000    
  -1.3000000       0.0000000       0.0000000    
  -1.2000000       0.0000000       0.0000000    
  -1.1000000       0.0000000       0.0000000    
  -1.0000000       30.922465       1.3560975    
 -0.90000000       89.733521       1.4794966    
 -0.80000000       150.40030       1.5489431    
 -0.70000000       209.16296       1.4867623    
 -0.60000000       270.53315       1.4424751    
 -0.50000000       332.72423       1.3345380    
 -0.40000000       384.05080       1.2132556    
 -0.30000000       443.67799       1.0246392    
 -0.20000000       494.03909      0.81855592    
 -0.10000000E+00   532.45469      0.79561966    
   0.0000000       528.28569      0.60316591    
  0.10000000       485.10276      0.54402547    
  0.20000000       444.22236      0.82454054    
  0.30000000       385.62092       1.0828856    
  0.40000000       331.42391       1.2819023    
  0.50000000       271.32758       1.3829556    
  0.60000000       206.88325       1.3912447    
  0.70000000       157.14208       7.3691722    
  0.80000000       85.511800       1.2709899    
  0.90000000       20.485762      0.68813188    
   1.0000000       0.0000000       0.0000000    
   1.1000000       0.0000000       0.0000000    
   1.2000000       0.0000000       0.0000000    
   1.3000000       0.0000000       0.0000000    
   1.4000000       0.0000000       0.0000000    
   1.5000000       0.0000000       0.0000000    
   1.6000000       0.0000000       0.0000000    
   1.7000000       0.0000000       0.0000000    
   1.8000000       0.0000000       0.0000000    
   1.9000000       0.0000000       0.0000000    
   2.0000000       0.0000000       0.0000000    
   2.1000000       0.0000000       0.0000000    
   2.2000000       0.0000000       0.0000000    
   2.3000000       0.0000000       0.0000000    
   2.4000000       0.0000000       0.0000000    
   2.5000000       0.0000000       0.0000000    
   2.6000000       0.0000000       0.0000000    
   2.7000000       0.0000000       0.0000000    
   2.8000000       0.0000000       0.0000000    
   2.9000000       0.0000000       0.0000000    
