  -1.0000000       0.0000000       0.0000000    
 -0.98000000       0.0000000       0.0000000    
 -0.96000000       0.0000000       0.0000000    
 -0.94000000       0.0000000       0.0000000    
 -0.92000000       0.0000000       0.0000000    
 -0.90000000       0.0000000       0.0000000    
 -0.88000000       0.0000000       0.0000000    
 -0.86000000       0.0000000       0.0000000    
 -0.84000000       0.0000000       0.0000000    
 -0.82000000       0.0000000       0.0000000    
 -0.80000000      0.19075594      0.19075382    
 -0.78000000       5.6286832       1.2629014    
 -0.76000000       29.147986       2.9075353    
 -0.74000000       52.040561       3.8699689    
 -0.72000000       99.197587       5.3698913    
 -0.70000000       129.72630       4.9545181    
 -0.68000000       162.59239       3.5159431    
 -0.66000000       189.19361       3.8080335    
 -0.64000000       215.87825       4.1025835    
 -0.62000000       238.58393       4.2667001    
 -0.60000000       263.67859       4.4111895    
 -0.58000000       290.07177       4.5818997    
 -0.56000000       301.75466       4.4396397    
 -0.54000000       318.38287       4.5531358    
 -0.52000000       340.55142       4.7052842    
 -0.50000000       354.82040       4.6727597    
 -0.48000000       362.13019       4.6447290    
 -0.46000000       379.04558       4.6003646    
 -0.44000000       389.08016       4.5793096    
 -0.42000000       404.32406       4.5961341    
 -0.40000000       413.17953       4.6056146    
 -0.38000000       430.22429       4.6720399    
 -0.36000000       432.32941       4.7136671    
 -0.34000000       441.41309       4.7751600    
 -0.32000000       448.14719       4.8039083    
 -0.30000000       466.64037       4.9097578    
 -0.28000000       469.11560       4.8506696    
 -0.26000000       485.70979       4.8971758    
 -0.24000000       493.64233       5.0510539    
 -0.22000000       502.48714       4.8195435    
 -0.20000000       540.23483       36.574711    
 -0.18000000       513.01250       4.8821468    
 -0.16000000       523.26779       4.8471691    
 -0.14000000       535.01018       5.0652416    
 -0.12000000       548.11766       5.0897799    
 -0.10000000E+00   547.76086       5.2033446    
 -0.80000000E-01   568.00837       5.4281594    
 -0.60000000E-01   574.49985       4.9137081    
 -0.40000000E-01   584.97954       5.1109892    
 -0.20000000E-01   587.17491       5.6587870    
   0.0000000       587.51735       5.7668311    
  0.20000000E-01   586.24175       5.1648225    
  0.40000000E-01   581.66471       5.4150126    
  0.60000000E-01   575.85433       4.7690030    
  0.80000000E-01   554.42005       4.7766463    
  0.10000000       535.54115       4.9920232    
  0.12000000       528.00386       4.9066640    
  0.14000000       520.51338       4.6488881    
  0.16000000       516.94924       5.1660501    
  0.18000000       511.72014       4.9267938    
  0.20000000       493.27880       4.7999531    
  0.22000000       491.89596       4.7397168    
  0.24000000       492.20666       4.8732129    
  0.26000000       464.75020       4.6904605    
  0.28000000       457.99447       4.7065893    
  0.30000000       460.18547       4.5698072    
  0.32000000       442.74182       4.6053306    
  0.34000000       437.38504       4.6703054    
  0.36000000       427.27016       4.6769370    
  0.38000000       417.93516       4.7080135    
  0.40000000       395.06523       4.6649416    
  0.42000000       387.18278       4.7279164    
  0.44000000       371.93647       4.6385513    
  0.46000000       367.45070       4.6197055    
  0.48000000       351.80527       4.5155271    
  0.50000000       341.88015       4.4651686    
  0.52000000       325.64287       4.5412825    
  0.54000000       297.20105       4.3110124    
  0.56000000       282.02948       4.0180395    
  0.58000000       264.35847       4.1227292    
  0.60000000       249.02000       4.1500940    
  0.62000000       221.50299       4.7689585    
  0.64000000       192.78912       4.8333904    
  0.66000000       176.02301       4.5905380    
  0.68000000       133.34504       4.4905344    
  0.70000000       102.49465       4.5108676    
  0.72000000       60.984815       3.4874005    
  0.74000000       26.565742       2.3187350    
  0.76000000       5.9605736       1.1243051    
  0.78000000      0.24349544      0.24349273    
  0.80000000       0.0000000       0.0000000    
  0.82000000       0.0000000       0.0000000    
  0.84000000       0.0000000       0.0000000    
  0.86000000       0.0000000       0.0000000    
  0.88000000       0.0000000       0.0000000    
  0.90000000       0.0000000       0.0000000    
  0.92000000       0.0000000       0.0000000    
  0.94000000       0.0000000       0.0000000    
  0.96000000       0.0000000       0.0000000    
  0.98000000       0.0000000       0.0000000    
