  0.60000000       62.151263       3.5657616    
  0.60600000       55.303275       3.3610413    
  0.61200000       52.569541       3.2665441    
  0.61800000       46.585378       3.3823494    
  0.62400000       40.484177       3.0673491    
  0.63000000       35.980882       2.6465776    
  0.63600000       29.695393       2.4128383    
  0.64200000       34.107005       2.8750733    
  0.64800000       23.115399       2.0903274    
  0.65400000       25.815477       2.3968996    
  0.66000000       27.353925       2.4501049    
  0.66600000       23.195763       2.1257969    
  0.67200000       18.677591       1.8441228    
  0.67800000       21.221430       2.1053683    
  0.68400000       14.135961       1.6538537    
  0.69000000       14.879188       1.5914068    
  0.69600000       13.694596       1.5633785    
  0.70200000       11.608758       1.6656773    
  0.70800000       11.769050       1.4782735    
  0.71400000       14.484598       1.8616598    
  0.72000000       10.002497       1.4480019    
  0.72600000       11.530224       1.5473629    
  0.73200000       9.0149832       1.2884565    
  0.73800000       10.510060       1.3977154    
  0.74400000       13.613339       2.3465985    
  0.75000000       6.1637418       1.0142578    
  0.75600000       6.8758500      0.99938480    
  0.76200000       8.6067163       1.4636209    
  0.76800000       7.1130291       1.3115406    
  0.77400000       8.0710022       1.4574567    
  0.78000000       7.0936820       1.1054785    
  0.78600000       5.8829299       1.0431327    
  0.79200000       5.7411335       1.0266913    
  0.79800000       6.4444007       1.0453526    
  0.80400000       125.59061       120.82421    
  0.81000000       3.8667612      0.93135557    
  0.81600000       5.1848611      0.90292036    
  0.82200000       3.6761338      0.90382509    
  0.82800000       3.9079469      0.83242929    
  0.83400000       3.3900260      0.68851953    
  0.84000000       3.5287503      0.68092747    
  0.84600000       4.0825748      0.96167440    
  0.85200000       4.3179664      0.92654752    
  0.85800000       3.2758858      0.80067106    
  0.86400000       1.5017533      0.44953825    
  0.87000000       3.3291342       1.0590151    
  0.87600000       2.4164109      0.63624067    
  0.88200000       3.0555380      0.73954043    
  0.88800000       4.1121976      0.96021762    
  0.89400000       3.2226729      0.76690905    
  0.90000000       1.5704077      0.44635914    
  0.90600000       1.9411379      0.58205942    
  0.91200000       2.6780353      0.78749267    
  0.91800000       1.7880214      0.56778653    
  0.92400000       1.6439140      0.48065052    
  0.93000000       1.8744240      0.50007930    
  0.93600000       2.7482179      0.84278167    
  0.94200000       2.7674935      0.72134841    
  0.94800000       1.8193716      0.61666852    
  0.95400000       2.0273864      0.59535298    
  0.96000000       1.6400258      0.47428273    
  0.96600000      0.95553620      0.39483027    
  0.97200000       1.9802478      0.67271695    
  0.97800000      0.67883076      0.30698843    
  0.98400000       1.4269060      0.55316846    
  0.99000000       1.0855838      0.39399580    
  0.99600000      0.71412967      0.28010167    
   1.0020000      0.52399046      0.23183044    
   1.0080000      0.55640727      0.20756321    
   1.0140000      0.50229018      0.19782761    
   1.0200000      0.14856393      0.11022089    
   1.0260000      0.99614705      0.35487475    
   1.0320000       1.1772528      0.31791341    
   1.0380000      0.63999809      0.25709163    
   1.0440000      0.86546668      0.35470114    
   1.0500000       1.4790166      0.73092113    
   1.0560000      0.92369985      0.31733175    
   1.0620000      0.41782311      0.20800737    
   1.0680000      0.74986392      0.30878513    
   1.0740000       1.2495757      0.67308357    
   1.0800000      0.57070971      0.24643910    
   1.0860000      0.44318309      0.23207665    
   1.0920000       1.3253919      0.45371953    
   1.0980000       1.5584701      0.54126540    
   1.1040000       1.2549521      0.68259473    
   1.1100000      0.56179973      0.25041371    
   1.1160000      0.44172324      0.21862553    
   1.1220000      0.52271942      0.22243289    
   1.1280000      0.54648835      0.33776584    
   1.1340000      0.78487180      0.46207039    
   1.1400000      0.73535384      0.30799710    
   1.1460000      0.48028706      0.22055725    
   1.1520000      0.38523108      0.16428509    
   1.1580000      0.90955912      0.39677270    
   1.1640000      0.15945139      0.12009770    
   1.1700000      0.52923716      0.33934727    
   1.1760000      0.41125357      0.30748448    
   1.1820000      0.94343769      0.40773383    
   1.1880000      0.27931269      0.17184474    
   1.1940000      0.59881025      0.33456588    
