   0.0000000       9.2839738      0.21790523    
  0.25000000       27.714349      0.35969443    
  0.50000000       46.178779      0.44797130    
  0.75000000       62.470625      0.49890476    
   1.0000000       78.521489      0.55015037    
   1.2500000       93.149659      0.55821435    
   1.5000000       103.32007      0.55809903    
   1.7500000       113.07456      0.59843585    
   2.0000000       118.90064      0.56782268    
   2.2500000       125.05217      0.58460720    
   2.5000000       126.72374      0.56922418    
   2.7500000       127.39815      0.58825702    
   3.0000000       124.51967      0.56326072    
   3.2500000       120.99189      0.56335346    
   3.5000000       118.20205      0.57427675    
   3.7500000       110.34733      0.57092021    
   4.0000000       102.93833      0.55043301    
   4.2500000       96.367611      0.56357900    
   4.5000000       87.478172      0.53215776    
   4.7500000       78.794827      0.52109468    
   5.0000000       71.999149      0.50035375    
   5.2500000       66.231753       2.9421479    
   5.5000000       54.679240      0.45482542    
   5.7500000       47.744174      0.43482919    
   6.0000000       42.096234      0.42116159    
   6.2500000       35.240513      0.39178230    
   6.5000000       30.820047      0.38085018    
   6.7500000       25.022705      0.34119587    
   7.0000000       21.523870      0.31678316    
   7.2500000       17.457343      0.30285223    
   7.5000000       14.069283      0.26491419    
   7.7500000       11.436778      0.22918143    
   8.0000000       8.9275966      0.22046407    
   8.2500000       6.9542519      0.17831128    
   8.5000000       4.9752198      0.14993052    
   8.7500000       3.5496820      0.12881764    
   9.0000000       2.2252704      0.10109235    
   9.2500000       1.7057629      0.87271867E-01
   9.5000000       1.1523992      0.71801129E-01
   9.7500000      0.79291777      0.62137486E-01
   10.000000      0.48121776      0.44302765E-01
   10.250000      0.32952973      0.37974314E-01
   10.500000      0.20684075      0.28716096E-01
   10.750000      0.12273457      0.23478926E-01
   11.000000      0.11616380      0.22796952E-01
   11.250000      0.29712080E-01  0.11012315E-01
   11.500000      0.13247107E-01  0.53427063E-02
   11.750000      0.33831820E-01  0.12138428E-01
   12.000000      0.14086997E-01  0.58873795E-02
   12.250000      0.16453138E-01  0.72479499E-02
   12.500000      0.97601580E-02  0.47300097E-02
   12.750000      0.42118115E-02  0.29927260E-02
   13.000000      0.12024591E-01  0.61853812E-02
   13.250000      0.12581670E-01  0.60887185E-02
   13.500000       0.0000000       0.0000000    
   13.750000      0.64993482E-02  0.39609092E-02
   14.000000      0.47399023E-02  0.47398497E-02
   14.250000      0.10824162E-02  0.10824042E-02
   14.500000      0.32937660E-02  0.32937295E-02
   14.750000       0.0000000       0.0000000    
   15.000000      0.15767403E-01  0.12979889E-01
   15.250000      0.35114231E-02  0.24853285E-02
   15.500000       0.0000000       0.0000000    
   15.750000       0.0000000       0.0000000    
   16.000000      0.10434825E-02  0.10434709E-02
   16.250000       0.0000000       0.0000000    
   16.500000       0.0000000       0.0000000    
   16.750000       0.0000000       0.0000000    
   17.000000      0.24603328E-02  0.24603054E-02
   17.250000       0.0000000       0.0000000    
   17.500000       0.0000000       0.0000000    
   17.750000      0.12938354E-02  0.12938210E-02
   18.000000      0.52054777E-02  0.37870391E-02
   18.250000      0.25422239E-02  0.25421957E-02
   18.500000       0.0000000       0.0000000    
   18.750000       0.0000000       0.0000000    
   19.000000       0.0000000       0.0000000    
   19.250000       0.0000000       0.0000000    
   19.500000       0.0000000       0.0000000    
   19.750000       0.0000000       0.0000000    
   20.000000       0.0000000       0.0000000    
   20.250000       0.0000000       0.0000000    
   20.500000       0.0000000       0.0000000    
   20.750000       0.0000000       0.0000000    
   21.000000       0.0000000       0.0000000    
   21.250000       0.0000000       0.0000000    
   21.500000       0.0000000       0.0000000    
   21.750000       0.0000000       0.0000000    
   22.000000       0.0000000       0.0000000    
   22.250000       0.0000000       0.0000000    
   22.500000       0.0000000       0.0000000    
   22.750000       0.0000000       0.0000000    
   23.000000       0.0000000       0.0000000    
   23.250000       0.0000000       0.0000000    
   23.500000       0.0000000       0.0000000    
   23.750000       0.0000000       0.0000000    
   24.000000       0.0000000       0.0000000    
   24.250000       0.0000000       0.0000000    
   24.500000       0.0000000       0.0000000    
   24.750000       0.0000000       0.0000000    
