  -3.0000000       0.0000000       0.0000000    
  -2.9000000       0.0000000       0.0000000    
  -2.8000000       0.0000000       0.0000000    
  -2.7000000       0.0000000       0.0000000    
  -2.6000000       0.0000000       0.0000000    
  -2.5000000       0.0000000       0.0000000    
  -2.4000000       0.0000000       0.0000000    
  -2.3000000       0.0000000       0.0000000    
  -2.2000000       0.0000000       0.0000000    
  -2.1000000       0.0000000       0.0000000    
  -2.0000000       0.0000000       0.0000000    
  -1.9000000       0.0000000       0.0000000    
  -1.8000000       0.0000000       0.0000000    
  -1.7000000       0.0000000       0.0000000    
  -1.6000000       0.0000000       0.0000000    
  -1.5000000       0.0000000       0.0000000    
  -1.4000000       0.0000000       0.0000000    
  -1.3000000       0.0000000       0.0000000    
  -1.2000000       0.0000000       0.0000000    
  -1.1000000       0.0000000       0.0000000    
  -1.0000000       267.77349       2.2694153    
 -0.90000000       273.49842       1.9377229    
 -0.80000000       283.67205       1.6220207    
 -0.70000000       287.30712       1.5098715    
 -0.60000000       294.45375       1.2881699    
 -0.50000000       297.89882       1.2076753    
 -0.40000000       303.35556       1.0993607    
 -0.30000000       309.41187       1.0601065    
 -0.20000000       308.36154       1.0425357    
 -0.10000000E+00   309.44183       1.0228067    
   0.0000000       312.23645       1.0234613    
  0.10000000       309.35201       1.0348780    
  0.20000000       303.41120       1.0705954    
  0.30000000       304.81662       1.1023388    
  0.40000000       300.74224       1.1589325    
  0.50000000       293.92435       1.2395113    
  0.60000000       288.02802       1.3246181    
  0.70000000       277.49186       1.5413666    
  0.80000000       268.12506       1.7921582    
  0.90000000       260.40304       7.5130277    
   1.0000000       0.0000000       0.0000000    
   1.1000000       0.0000000       0.0000000    
   1.2000000       0.0000000       0.0000000    
   1.3000000       0.0000000       0.0000000    
   1.4000000       0.0000000       0.0000000    
   1.5000000       0.0000000       0.0000000    
   1.6000000       0.0000000       0.0000000    
   1.7000000       0.0000000       0.0000000    
   1.8000000       0.0000000       0.0000000    
   1.9000000       0.0000000       0.0000000    
   2.0000000       0.0000000       0.0000000    
   2.1000000       0.0000000       0.0000000    
   2.2000000       0.0000000       0.0000000    
   2.3000000       0.0000000       0.0000000    
   2.4000000       0.0000000       0.0000000    
   2.5000000       0.0000000       0.0000000    
   2.6000000       0.0000000       0.0000000    
   2.7000000       0.0000000       0.0000000    
   2.8000000       0.0000000       0.0000000    
   2.9000000       0.0000000       0.0000000    
