  -3.0000000       0.0000000       0.0000000    
  -2.9000000       0.0000000       0.0000000    
  -2.8000000       0.0000000       0.0000000    
  -2.7000000       0.0000000       0.0000000    
  -2.6000000       0.0000000       0.0000000    
  -2.5000000       0.0000000       0.0000000    
  -2.4000000       0.0000000       0.0000000    
  -2.3000000       0.0000000       0.0000000    
  -2.2000000       0.0000000       0.0000000    
  -2.1000000       0.0000000       0.0000000    
  -2.0000000       0.0000000       0.0000000    
  -1.9000000       0.0000000       0.0000000    
  -1.8000000       0.0000000       0.0000000    
  -1.7000000       0.0000000       0.0000000    
  -1.6000000       0.0000000       0.0000000    
  -1.5000000       0.0000000       0.0000000    
  -1.4000000       0.0000000       0.0000000    
  -1.3000000       0.0000000       0.0000000    
  -1.2000000       0.0000000       0.0000000    
  -1.1000000       0.0000000       0.0000000    
  -1.0000000       285.11573       2.4590175    
 -0.90000000       287.65857       2.0225456    
 -0.80000000       287.87269       1.6509271    
 -0.70000000       293.21143       1.4286043    
 -0.60000000       294.28993       1.3114942    
 -0.50000000       293.84700       1.1789610    
 -0.40000000       296.53582       1.0613444    
 -0.30000000       296.91182      0.99445264    
 -0.20000000       296.14848      0.95826499    
 -0.10000000E+00   298.37580      0.94908600    
   0.0000000       295.87817      0.95414541    
  0.10000000       297.76731      0.96158530    
  0.20000000       295.09671      0.99246858    
  0.30000000       297.89849       1.0347740    
  0.40000000       293.84646       1.0979967    
  0.50000000       299.40828       7.3457122    
  0.60000000       291.26046       1.3813984    
  0.70000000       294.36224       1.5784915    
  0.80000000       283.16541       1.7919630    
  0.90000000       275.05451       2.0061933    
   1.0000000       0.0000000       0.0000000    
   1.1000000       0.0000000       0.0000000    
   1.2000000       0.0000000       0.0000000    
   1.3000000       0.0000000       0.0000000    
   1.4000000       0.0000000       0.0000000    
   1.5000000       0.0000000       0.0000000    
   1.6000000       0.0000000       0.0000000    
   1.7000000       0.0000000       0.0000000    
   1.8000000       0.0000000       0.0000000    
   1.9000000       0.0000000       0.0000000    
   2.0000000       0.0000000       0.0000000    
   2.1000000       0.0000000       0.0000000    
   2.2000000       0.0000000       0.0000000    
   2.3000000       0.0000000       0.0000000    
   2.4000000       0.0000000       0.0000000    
   2.5000000       0.0000000       0.0000000    
   2.6000000       0.0000000       0.0000000    
   2.7000000       0.0000000       0.0000000    
   2.8000000       0.0000000       0.0000000    
   2.9000000       0.0000000       0.0000000    
