   25.000000      0.73387426      0.13726571    
   25.250000      0.71929696      0.80754045E-01
   25.500000       1.1873107      0.13142724    
   25.750000       1.5493529      0.16267264    
   26.000000       1.7231181      0.16545393    
   26.250000       1.9126830      0.16147915    
   26.500000       2.4786802      0.18809655    
   26.750000       2.9556140      0.20575424    
   27.000000       3.5464681      0.22532403    
   27.250000       3.8881095      0.26178423    
   27.500000       4.3464678      0.24586901    
   27.750000       5.3391488      0.29015711    
   28.000000       5.7647473      0.33138377    
   28.250000       6.5885594      0.29989170    
   28.500000       7.3397995      0.30874696    
   28.750000       8.5406149      0.34833201    
   29.000000       9.0981663      0.31473241    
   29.250000       9.7271958      0.30965721    
   29.500000       10.388725      0.29962873    
   29.750000       10.563954      0.29148306    
   30.000000       11.938503      0.30238761    
   30.250000       12.263344      0.30976444    
   30.500000       13.836247      0.32749614    
   30.750000       14.438304      0.35017985    
   31.000000       14.593028      0.31068822    
   31.250000       15.752919      0.31274774    
   31.500000       16.775950      0.32583849    
   31.750000       17.670534      0.33509721    
   32.000000       18.654572      0.33857128    
   32.250000       19.580497      0.32564522    
   32.500000       20.680494      0.35477631    
   32.750000       21.821388      0.35282925    
   33.000000       22.868524      0.34094049    
   33.250000       25.217523      0.36744548    
   33.500000       24.843209      0.35681979    
   33.750000       26.100884      0.36207145    
   34.000000       27.916541      0.37798875    
   34.250000       30.041117      0.37673618    
   34.500000       30.833903      0.37964301    
   34.750000       32.368088      0.39400182    
   35.000000       34.954966      0.40399020    
   35.250000       36.001785      0.39698985    
   35.500000       38.099075      0.40843363    
   35.750000       40.728187      0.41129244    
   36.000000       43.415645      0.43439412    
   36.250000       44.809047      0.42800002    
   36.500000       48.445613      0.43153758    
   36.750000       51.253144      0.43774728    
   37.000000       54.687455      0.47010473    
   37.250000       58.842137      0.45546980    
   37.500000       62.241122      0.45468535    
   37.750000       67.897061      0.47195226    
   38.000000       72.725470      0.47038232    
   38.250000       79.524936      0.49350077    
   38.500000       85.560916      0.48880032    
   38.750000       90.026814      0.48451710    
   39.000000       94.796391      0.48465327    
   39.250000       96.808180      0.49082305    
   39.500000       96.384501      0.48787314    
   39.750000       92.802646      0.48334451    
   40.000000       86.465481      0.48437704    
   40.250000       78.292917      0.46941303    
   40.500000       68.267334      0.46016627    
   40.750000       56.098401      0.42669021    
   41.000000       45.309490      0.39928855    
   41.250000       34.741959      0.35400045    
   41.500000       27.218973      0.31731789    
   41.750000       21.271831      0.30861825    
   42.000000       15.912499      0.25093919    
   42.250000       12.295207      0.22206391    
   42.500000       9.5681616      0.19708190    
   42.750000       7.6415745      0.18135522    
   43.000000       6.3402795      0.16683879    
   43.250000       5.2780697      0.15067674    
   43.500000       4.5230559      0.14002643    
   43.750000       3.8499121      0.13056729    
   44.000000       3.3950092      0.12454273    
   44.250000       2.6377225      0.10662103    
   44.500000       2.6605193      0.10711944    
   44.750000       2.2529352      0.99350009E-01
   45.000000       2.1135893      0.96013386E-01
   45.250000       1.9991871      0.97956487E-01
   45.500000       1.8616316      0.95352016E-01
   45.750000       1.7940786      0.90249741E-01
   46.000000       1.4541994      0.86388416E-01
   46.250000       1.4440201      0.81239994E-01
   46.500000       1.3660876      0.78332321E-01
   46.750000       1.2721108      0.77416244E-01
   47.000000       1.1529023      0.73594887E-01
   47.250000       1.1606988      0.76942778E-01
   47.500000       1.0277831      0.71918268E-01
   47.750000      0.98802135      0.68382254E-01
   48.000000      0.77712640      0.62025843E-01
   48.250000      0.85722510      0.67900522E-01
   48.500000      0.70451004      0.55801769E-01
   48.750000      0.70190963      0.57465841E-01
   49.000000      0.67293945      0.60577120E-01
   49.250000      0.64144981      0.54725484E-01
   49.500000      0.64186902      0.55540390E-01
   49.750000      0.56622580      0.54429400E-01
   50.000000      0.55815849      0.59390728E-01
   50.250000      0.53690172      0.57114705E-01
   50.500000      0.46827053      0.48702084E-01
   50.750000      0.42763854      0.44735297E-01
   51.000000      0.37853778      0.41743231E-01
   51.250000      0.37402488      0.43870278E-01
   51.500000      0.40991671      0.43078938E-01
   51.750000      0.50084865      0.57323915E-01
   52.000000      0.24014413      0.32089470E-01
   52.250000      0.30020353      0.37319549E-01
   52.500000      0.37811634      0.44374853E-01
   52.750000      0.29892473      0.40484583E-01
   53.000000      0.26661985      0.35987084E-01
   53.250000      0.36741361      0.42974579E-01
   53.500000      0.31889545      0.40789842E-01
   53.750000      0.29924252      0.38040513E-01
   54.000000      0.27324957      0.34862430E-01
   54.250000      0.17808975      0.26578225E-01
   54.500000      0.31614818      0.40484060E-01
   54.750000      0.21875743      0.32289492E-01
