   0.0000000       0.0000000       0.0000000    
  0.20000000E-01   0.0000000       0.0000000    
  0.40000000E-01  0.64068904E-01  0.64068192E-01
  0.60000000E-01  0.12542681      0.74925696E-01
  0.80000000E-01  0.47558518      0.15408312    
  0.10000000      0.72270987      0.17776598    
  0.12000000       1.2788161      0.25834579    
  0.14000000       2.1651075      0.31891672    
  0.16000000       3.2031694      0.39281776    
  0.18000000       4.3582964      0.45874028    
  0.20000000       5.0838545      0.48375620    
  0.22000000       7.7001295      0.63213814    
  0.24000000       9.3014205      0.68205503    
  0.26000000       10.538024      0.70426775    
  0.28000000       15.031449      0.85592796    
  0.30000000       18.031664      0.95039646    
  0.32000000       21.235108       1.0341349    
  0.34000000       24.889348       1.0905674    
  0.36000000       32.133025       1.2619781    
  0.38000000       36.832370       1.3247825    
  0.40000000       41.385209       1.4062546    
  0.42000000       47.823419       1.5048161    
  0.44000000       54.283328       1.6146448    
  0.46000000       60.653792       1.7124880    
  0.48000000       70.334060       1.8637160    
  0.50000000       75.589461       1.8912351    
  0.52000000       92.036765       2.0999493    
  0.54000000       101.54658       2.2229593    
  0.56000000       112.66156       2.3348642    
  0.58000000       124.79467       2.4290937    
  0.60000000       133.67537       2.5457787    
  0.62000000       146.94629       2.6509370    
  0.64000000       164.91143       2.8068834    
  0.66000000       168.71558       2.8615584    
  0.68000000       192.94409       3.0459626    
  0.70000000       213.96285       3.1970895    
  0.72000000       230.50167       3.3277289    
  0.74000000       243.11581       3.4488566    
  0.76000000       269.14782       3.6009968    
  0.78000000       298.66058       3.8329972    
  0.80000000       314.59531       3.9658563    
  0.82000000       331.21526       4.0783072    
  0.84000000       368.94218       4.3445717    
  0.86000000       393.32410       4.5497695    
  0.88000000       414.65342       4.9534140    
  0.90000000       441.64777       4.9398820    
  0.92000000       466.18645       5.2009615    
  0.94000000       502.91084       5.6867351    
  0.96000000       526.70666       5.8565959    
  0.98000000       561.90679       6.4348551    
