   25.000000       1.5700496      0.12430454    
   25.250000       1.7717500      0.13707941    
   25.500000       2.1570632      0.15591781    
   25.750000       2.2735412      0.15333989    
   26.000000       2.8205076      0.16823387    
   26.250000       2.9675406      0.17281730    
   26.500000       3.6511193      0.19548754    
   26.750000       3.7433772      0.22313566    
   27.000000       4.4636902      0.20949679    
   27.250000       5.3421412      0.24296555    
   27.500000       5.7961026      0.23995618    
   27.750000       6.5176403      0.27544261    
   28.000000       6.8406964      0.25624718    
   28.250000       8.3946394      0.30091252    
   28.500000       8.3828723      0.27536762    
   28.750000       8.6478171      0.26575769    
   29.000000       9.7383295      0.29734506    
   29.250000       10.954273      0.30400512    
   29.500000       11.939098      0.34159158    
   29.750000       12.141624      0.33304915    
   30.000000       12.596746      0.30578557    
   30.250000       13.863651      0.31604560    
   30.500000       14.646496      0.36421311    
   30.750000       15.514257      0.33062459    
   31.000000       16.422992      0.32456103    
   31.250000       17.204159      0.32772877    
   31.500000       18.741597      0.34140860    
   31.750000       19.955956      0.35750641    
   32.000000       21.257457      0.34897751    
   32.250000       22.512520      0.36438568    
   32.500000       24.661916      0.39332876    
   32.750000       24.933208      0.36226469    
   33.000000       26.368198      0.38303408    
   33.250000       27.378889      0.37313640    
   33.500000       29.270154      0.37685703    
   33.750000       30.713676      0.38423183    
   34.000000       32.089414      0.39742011    
   34.250000       34.323566      0.39016503    
   34.500000       35.183034      0.39100446    
   34.750000       37.778091      0.39969073    
   35.000000       40.390448      0.42836115    
   35.250000       40.743066      0.42493456    
   35.500000       42.890833      0.42037044    
   35.750000       44.702295      0.43540255    
   36.000000       46.551388      0.43000196    
   36.250000       48.058612      0.43583035    
   36.500000       49.111099      0.43274592    
   36.750000       50.387428      0.43477580    
   37.000000       52.488043      0.44698482    
   37.250000       54.330578      0.44525577    
   37.500000       54.430139      0.43564382    
   37.750000       55.148838      0.43869208    
   38.000000       55.778302      0.44051918    
   38.250000       55.730877      0.44031633    
   38.500000       56.098131      0.44363599    
   38.750000       56.681872      0.44617242    
   39.000000       55.411012      0.44302360    
   39.250000       55.450016      0.43589024    
   39.500000       53.888610      0.43182058    
   39.750000       53.307421      0.42839187    
   40.000000       51.430492      0.42261663    
   40.250000       49.875155      0.41856676    
   40.500000       48.552416      0.42375188    
   40.750000       46.749717      0.42581971    
   41.000000       44.173429      0.40155869    
   41.250000       42.005902      0.39631958    
   41.500000       39.338307      0.39166365    
   41.750000       37.442661      0.37687356    
   42.000000       34.620492      0.36818661    
   42.250000       32.628637      0.35937427    
   42.500000       29.706010      0.34381338    
   42.750000       27.986716      0.34552517    
   43.000000       25.140548      0.33161367    
   43.250000       23.064399      0.30846219    
   43.500000       20.114377      0.29756125    
   43.750000       18.840253      0.28157612    
   44.000000       16.844397      0.27677921    
   44.250000       14.976408      0.25330663    
   44.500000       13.329133      0.23909695    
   44.750000       11.770177      0.22670828    
   45.000000       10.252995      0.21253401    
   45.250000       8.5869838      0.19498082    
   45.500000       7.7704968      0.18796513    
   45.750000       7.4263481      0.20590480    
   46.000000       5.8367959      0.16266053    
   46.250000       5.1351196      0.17234868    
   46.500000       4.6066167      0.14914171    
   46.750000       3.7730595      0.13103181    
   47.000000       3.6238020      0.15671614    
   47.250000       3.0500116      0.12071575    
   47.500000       2.2762801      0.10363525    
   47.750000       2.2286797      0.10284762    
   48.000000       1.7983864      0.92094651E-01
   48.250000       1.5889448      0.85138566E-01
   48.500000       1.5626349      0.86990146E-01
   48.750000       1.4246739      0.87666193E-01
   49.000000       1.1776484      0.75645246E-01
   49.250000       1.0283066      0.71441149E-01
   49.500000       1.0030504      0.71893985E-01
   49.750000      0.87402825      0.68556815E-01
   50.000000      0.74261913      0.55594762E-01
   50.250000      0.73638098      0.60020219E-01
   50.500000      0.69293384      0.57930879E-01
   50.750000      0.63213390      0.55413433E-01
   51.000000      0.57720811      0.52979970E-01
   51.250000      0.62071698      0.56497519E-01
   51.500000      0.49073756      0.48734002E-01
   51.750000      0.44766153      0.45780313E-01
   52.000000      0.48084371      0.49516714E-01
   52.250000      0.43445530      0.47419776E-01
   52.500000      0.49698644      0.50574058E-01
   52.750000      0.42849490      0.45407353E-01
   53.000000      0.36163452      0.41512171E-01
   53.250000      0.36182554      0.41894928E-01
   53.500000      0.38442674      0.43704742E-01
   53.750000      0.31403332      0.39713862E-01
   54.000000      0.29194870      0.37365749E-01
   54.250000      0.28861933      0.35687226E-01
   54.500000      0.28766866      0.42083121E-01
   54.750000      0.28309035      0.37481330E-01
