  0.60000000       0.0000000       0.0000000    
  0.60600000       0.0000000       0.0000000    
  0.61200000       0.0000000       0.0000000    
  0.61800000      0.73956388      0.52429137    
  0.62400000       6.5831159       1.3600814    
  0.63000000       12.796834       1.9854740    
  0.63600000       26.720977       3.4993843    
  0.64200000       37.166847       5.9478683    
  0.64800000       59.177292       5.8535251    
  0.65400000       67.360183       5.6652531    
  0.66000000       106.56425       8.2313843    
  0.66600000       122.46052       8.3683406    
  0.67200000       152.40758       9.7761116    
  0.67800000       177.13592       9.9051849    
  0.68400000       192.39623       10.046013    
  0.69000000       203.45952       10.224278    
  0.69600000       243.39929       10.943373    
  0.70200000       274.82342       11.285458    
  0.70800000       292.73265       12.568489    
  0.71400000       348.66427       13.168433    
  0.72000000       352.81081       12.318840    
  0.72600000       412.06743       15.689385    
  0.73200000       407.61287       14.215416    
  0.73800000       462.34102       13.065558    
  0.74400000       491.65968       13.007510    
  0.75000000       483.97835       12.750412    
  0.75600000       558.40550       14.159803    
  0.76200000       557.38026       13.040820    
  0.76800000       584.32006       12.782411    
  0.77400000       660.20542       13.615203    
  0.78000000       676.38555       13.467993    
  0.78600000       707.42772       14.558558    
  0.79200000       743.24018       13.715275    
  0.79800000       789.27803       14.279609    
  0.80400000       809.98975       14.264591    
  0.81000000       864.63630       14.435672    
  0.81600000       887.14308       14.214764    
  0.82200000       946.27875       14.275673    
  0.82800000       1007.6838       14.788561    
  0.83400000       1028.7277       15.037740    
  0.84000000       1117.5936       15.231596    
  0.84600000       1158.8460       15.406183    
  0.85200000       1227.6594       15.511181    
  0.85800000       1292.6857       15.987246    
  0.86400000       1358.3595       15.964924    
  0.87000000       1419.9406       16.479321    
  0.87600000       1500.6686       16.662358    
  0.88200000       1598.0441       16.709253    
  0.88800000       1703.0163       17.316841    
  0.89400000       1801.6418       17.516714    
  0.90000000       1916.4010       18.474547    
  0.90600000       1991.5952       18.733315    
  0.91200000       2139.7282       18.103404    
  0.91800000       2277.6159       18.476300    
  0.92400000       2399.4807       18.745454    
  0.93000000       2476.9597       18.732980    
  0.93600000       2672.3176       19.315043    
  0.94200000       2768.3270       19.184056    
  0.94800000       2912.5794       19.359494    
  0.95400000       3005.4668       19.456581    
  0.96000000       3074.1652       19.674481    
  0.96600000       3098.1337       19.430498    
  0.97200000       3160.5146       19.555529    
  0.97800000       3103.2079       19.918852    
  0.98400000       3042.7110       19.355747    
  0.99000000       2927.5178       19.090348    
  0.99600000       2812.2691       19.019366    
   1.0020000       2638.0859       18.634652    
   1.0080000       2498.1689       18.701120    
   1.0140000       2257.8968       18.361052    
   1.0200000       2007.6236       17.051670    
   1.0260000       1787.3883       16.824281    
   1.0320000       1544.4690       15.875414    
   1.0380000       1358.3914       14.699762    
   1.0440000       1101.2599       13.561918    
   1.0500000       963.61117       12.886141    
   1.0560000       790.07924       12.024701    
   1.0620000       637.61159       11.070999    
   1.0680000       543.98639       10.623742    
   1.0740000       440.95928       8.9243548    
   1.0800000       326.86031       7.6556052    
   1.0860000       289.62348       7.3411643    
   1.0920000       236.74489       6.5566285    
   1.0980000       193.34251       6.8912052    
   1.1040000       176.75427       5.8358849    
   1.1100000       138.76388       4.9747077    
   1.1160000       119.51404       4.8152796    
   1.1220000       102.45319       4.4663496    
   1.1280000       90.844888       4.1831632    
   1.1340000       87.690163       4.1550793    
   1.1400000       77.643905       3.9841783    
   1.1460000       71.512657       3.7893258    
   1.1520000       67.557552       3.5357355    
   1.1580000       60.920878       3.6322937    
   1.1640000       51.812851       3.1812960    
   1.1700000       47.129228       3.1025142    
   1.1760000       50.355754       3.1608990    
   1.1820000       39.944467       2.7972551    
   1.1880000       39.782854       2.8723746    
   1.1940000       36.021682       2.7281176    
