   50.000000      0.55557172E-01  0.14432113E-01
   50.500000      0.13053648      0.20925819E-01
   51.000000      0.30474915      0.40310500E-01
   51.500000      0.42352352      0.70264354E-01
   52.000000      0.64819845      0.67148828E-01
   52.500000      0.86998695      0.71674116E-01
   53.000000       1.2478265      0.97494362E-01
   53.500000       1.5295565      0.10177375    
   54.000000       1.8620398      0.11824857    
   54.500000       2.1856701      0.12024491    
   55.000000       2.4157699      0.12316271    
   55.500000       2.5221131      0.12465064    
   56.000000       3.1618125      0.13676305    
   56.500000       3.4224598      0.13763493    
   57.000000       3.7478058      0.15274964    
   57.500000       4.4131134      0.16293379    
   58.000000       4.5522696      0.16245071    
   58.500000       5.0517412      0.19102728    
   59.000000       5.2592514      0.16253192    
   59.500000       5.9040720      0.15712660    
   60.000000       6.0673527      0.16049070    
   60.500000       6.4230569      0.15814865    
   61.000000       7.1394931      0.17317011    
   61.500000       6.9666059      0.15676929    
   62.000000       7.7703009      0.16179151    
   62.500000       8.2102610      0.16092519    
   63.000000       8.7855804      0.17997534    
   63.500000       9.0895982      0.16667854    
   64.000000       9.5108000      0.16709525    
   64.500000       10.081369      0.18000287    
   65.000000       10.716169      0.17563811    
   65.500000       10.813345      0.17196718    
   66.000000       11.732116      0.17455392    
   66.500000       12.389184      0.17917117    
   67.000000       12.771894      0.18312456    
   67.500000       13.783041      0.18500412    
   68.000000       14.454283      0.18772826    
   68.500000       15.324497      0.18920243    
   69.000000       16.081034      0.19463874    
   69.500000       16.878295      0.19424297    
   70.000000       17.754916      0.20073350    
   70.500000       19.006733      0.20412813    
   71.000000       20.130148      0.20687179    
   71.500000       21.368332      0.20816110    
   72.000000       22.698864      0.21705931    
   72.500000       24.366526      0.22225216    
   73.000000       25.294235      0.22853341    
   73.500000       27.313231      0.22131741    
   74.000000       28.865355      0.22505528    
   74.500000       30.256040      0.22868676    
   75.000000       32.171429      0.22951062    
   75.500000       33.759185      0.23395177    
   76.000000       35.629610      0.23368979    
   76.500000       37.081172      0.23507643    
   77.000000       37.762308      0.23850455    
   77.500000       38.472384      0.23494393    
   78.000000       39.276080      0.23626685    
   78.500000       38.904015      0.24178437    
   79.000000       37.992321      0.23344674    
   79.500000       36.535245      0.23122736    
   80.000000       35.177820      0.23065732    
   80.500000       32.988259      0.22588026    
   81.000000       31.317085      0.22712215    
   81.500000       28.196799      0.22315825    
   82.000000       24.990242      0.20744328    
   82.500000       22.036834      0.20344470    
   83.000000       18.929840      0.19191171    
   83.500000       16.652412      0.17916056    
   84.000000       13.423199      0.16312330    
   84.500000       11.536514      0.15397487    
   85.000000       9.4213598      0.14449469    
   85.500000       7.6085048      0.13986803    
   86.000000       6.3550610      0.11780921    
   86.500000       4.9353429      0.10258288    
   87.000000       3.8740884      0.92183653E-01
   87.500000       3.2403686      0.83902258E-01
   88.000000       2.6978750      0.77722484E-01
   88.500000       2.3881762      0.84217767E-01
   89.000000       1.8964593      0.65123739E-01
   89.500000       1.5953022      0.59571638E-01
   90.000000       1.3570210      0.56390248E-01
   90.500000       1.1336859      0.51192498E-01
   91.000000       1.1402682      0.51686745E-01
   91.500000      0.99700457      0.48452953E-01
   92.000000      0.91100792      0.48223137E-01
   92.500000      0.82142495      0.42790242E-01
   93.000000      0.75958322      0.42892889E-01
   93.500000      0.69224715      0.40975752E-01
   94.000000      0.60992658      0.39129077E-01
   94.500000      0.61290899      0.37769529E-01
   95.000000      0.50978219      0.34979477E-01
   95.500000      0.49145494      0.34796422E-01
   96.000000      0.45853773      0.34519572E-01
   96.500000      0.42597762      0.33187547E-01
   97.000000      0.38461439      0.29927398E-01
   97.500000      0.43217252      0.32463066E-01
   98.000000      0.39771737      0.31964528E-01
   98.500000      0.33787179      0.32790547E-01
   99.000000      0.31434585      0.28072450E-01
   99.500000      0.27637147      0.25998150E-01
