   0.0000000       36.411932      0.13877536    
   1.0000000       97.016445      0.27517061    
   2.0000000       124.51868      0.41828441    
   3.0000000       118.51524      0.39153283    
   4.0000000       91.394736      0.25553341    
   5.0000000       60.163579      0.72220653    
   6.0000000       33.294875      0.13697200    
   7.0000000       16.121819      0.12418083    
   8.0000000       6.1016876      0.82882012E-01
   9.0000000       1.4690876      0.40545751E-01
   10.000000      0.28508070      0.17249286E-01
   11.000000      0.48238701E-01  0.71430888E-02
   12.000000      0.11128026E-01  0.27213545E-02
   13.000000      0.77764024E-02  0.23849319E-02
   14.000000      0.22790211E-02  0.14681056E-02
   15.000000      0.48197064E-02  0.33038985E-02
   16.000000      0.26087063E-03  0.26086773E-03
   17.000000      0.93854204E-03  0.69493409E-03
   18.000000      0.19369254E-02  0.11402806E-02
   19.000000       0.0000000       0.0000000    
   20.000000       0.0000000       0.0000000    
   21.000000       0.0000000       0.0000000    
   22.000000       0.0000000       0.0000000    
   23.000000       0.0000000       0.0000000    
   24.000000       0.0000000       0.0000000    
   25.000000       0.0000000       0.0000000    
   26.000000       0.0000000       0.0000000    
   27.000000       0.0000000       0.0000000    
   28.000000       0.0000000       0.0000000    
   29.000000       0.0000000       0.0000000    
   30.000000       0.0000000       0.0000000    
   31.000000       0.0000000       0.0000000    
   32.000000       0.0000000       0.0000000    
   33.000000       0.0000000       0.0000000    
   34.000000       0.0000000       0.0000000    
   35.000000       0.0000000       0.0000000    
   36.000000       0.0000000       0.0000000    
   37.000000       0.0000000       0.0000000    
   38.000000       0.0000000       0.0000000    
   39.000000       0.0000000       0.0000000    
   40.000000       0.0000000       0.0000000    
   41.000000       0.0000000       0.0000000    
   42.000000       0.0000000       0.0000000    
   43.000000       0.0000000       0.0000000    
   44.000000       0.0000000       0.0000000    
   45.000000       0.0000000       0.0000000    
   46.000000       0.0000000       0.0000000    
   47.000000       0.0000000       0.0000000    
   48.000000       0.0000000       0.0000000    
   49.000000       0.0000000       0.0000000    
   50.000000       0.0000000       0.0000000    
   51.000000       0.0000000       0.0000000    
   52.000000       0.0000000       0.0000000    
   53.000000       0.0000000       0.0000000    
   54.000000       0.0000000       0.0000000    
   55.000000       0.0000000       0.0000000    
   56.000000       0.0000000       0.0000000    
   57.000000       0.0000000       0.0000000    
   58.000000       0.0000000       0.0000000    
   59.000000       0.0000000       0.0000000    
   60.000000       0.0000000       0.0000000    
   61.000000       0.0000000       0.0000000    
   62.000000       0.0000000       0.0000000    
   63.000000       0.0000000       0.0000000    
   64.000000       0.0000000       0.0000000    
   65.000000       0.0000000       0.0000000    
   66.000000       0.0000000       0.0000000    
   67.000000       0.0000000       0.0000000    
   68.000000       0.0000000       0.0000000    
   69.000000       0.0000000       0.0000000    
   70.000000       0.0000000       0.0000000    
   71.000000       0.0000000       0.0000000    
   72.000000       0.0000000       0.0000000    
   73.000000       0.0000000       0.0000000    
   74.000000       0.0000000       0.0000000    
   75.000000       0.0000000       0.0000000    
   76.000000       0.0000000       0.0000000    
   77.000000       0.0000000       0.0000000    
   78.000000       0.0000000       0.0000000    
   79.000000       0.0000000       0.0000000    
   80.000000       0.0000000       0.0000000    
   81.000000       0.0000000       0.0000000    
   82.000000       0.0000000       0.0000000    
   83.000000       0.0000000       0.0000000    
   84.000000       0.0000000       0.0000000    
   85.000000       0.0000000       0.0000000    
   86.000000       0.0000000       0.0000000    
   87.000000       0.0000000       0.0000000    
   88.000000       0.0000000       0.0000000    
   89.000000       0.0000000       0.0000000    
   90.000000       0.0000000       0.0000000    
   91.000000       0.0000000       0.0000000    
   92.000000       0.0000000       0.0000000    
   93.000000       0.0000000       0.0000000    
   94.000000       0.0000000       0.0000000    
   95.000000       0.0000000       0.0000000    
   96.000000       0.0000000       0.0000000    
   97.000000       0.0000000       0.0000000    
   98.000000       0.0000000       0.0000000    
   99.000000       0.0000000       0.0000000    
