  0.60300000       62.151263       3.5657616    
  0.60900000       55.303275       3.3610413    
  0.61500000       52.569541       3.2665441    
  0.62100000       46.585378       3.3823494    
  0.62700000       40.484177       3.0673491    
  0.63300000       35.980882       2.6465776    
  0.63900000       29.695393       2.4128383    
  0.64500000       34.107005       2.8750733    
  0.65100000       23.115399       2.0903274    
  0.65700000       25.815477       2.3968996    
  0.66300000       27.353925       2.4501049    
  0.66900000       23.195763       2.1257969    
  0.67500000       18.677591       1.8441228    
  0.68100000       21.221430       2.1053683    
  0.68700000       14.135961       1.6538537    
  0.69300000       14.879188       1.5914068    
  0.69900000       13.694596       1.5633785    
  0.70500000       11.608758       1.6656773    
  0.71100000       11.769050       1.4782735    
  0.71700000       14.484598       1.8616598    
  0.72300000       10.002497       1.4480019    
  0.72900000       11.530224       1.5473629    
  0.73500000       9.0149832       1.2884565    
  0.74100000       10.510060       1.3977154    
  0.74700000       13.613339       2.3465985    
  0.75300000       6.1637418       1.0142578    
  0.75900000       6.8758500      0.99938480    
  0.76500000       8.6067163       1.4636209    
  0.77100000       7.1130291       1.3115406    
  0.77700000       8.0710022       1.4574567    
  0.78300000       7.0936820       1.1054785    
  0.78900000       5.8829299       1.0431327    
  0.79500000       5.7411335       1.0266913    
  0.80100000       6.4444007       1.0453526    
  0.80700000       125.59061       120.82421    
  0.81300000       3.8667612      0.93135557    
  0.81900000       5.1848611      0.90292036    
  0.82500000       3.6761338      0.90382509    
  0.83100000       3.9079469      0.83242929    
  0.83700000       3.3900260      0.68851953    
  0.84300000       3.5287503      0.68092747    
  0.84900000       4.0825748      0.96167440    
  0.85500000       4.3179664      0.92654752    
  0.86100000       3.2758858      0.80067106    
  0.86700000       1.5017533      0.44953825    
  0.87300000       3.3291342       1.0590151    
  0.87900000       2.4164109      0.63624067    
  0.88500000       3.0555380      0.73954043    
  0.89100000       4.1121976      0.96021762    
  0.89700000       3.2226729      0.76690905    
  0.90300000       1.5704077      0.44635914    
  0.90900000       1.9411379      0.58205942    
  0.91500000       2.6780353      0.78749267    
  0.92100000       1.7880214      0.56778653    
  0.92700000       1.6439140      0.48065052    
  0.93300000       1.8744240      0.50007930    
  0.93900000       2.7482179      0.84278167    
  0.94500000       2.7674935      0.72134841    
  0.95100000       1.8193716      0.61666852    
  0.95700000       2.0273864      0.59535298    
  0.96300000       1.6400258      0.47428273    
  0.96900000      0.95553620      0.39483027    
  0.97500000       1.9802478      0.67271695    
  0.98100000      0.67883076      0.30698843    
  0.98700000       1.4269060      0.55316846    
  0.99300000       1.0855838      0.39399580    
  0.99900000      0.71412967      0.28010167    
   1.0050000      0.52399046      0.23183044    
   1.0110000      0.55640727      0.20756321    
   1.0170000      0.50229018      0.19782761    
   1.0230000      0.14856393      0.11022089    
   1.0290000      0.99614705      0.35487475    
   1.0350000       1.1772528      0.31791341    
   1.0410000      0.63999809      0.25709163    
   1.0470000      0.86546668      0.35470114    
   1.0530000       1.4790166      0.73092113    
   1.0590000      0.92369985      0.31733175    
   1.0650000      0.41782311      0.20800737    
   1.0710000      0.74986392      0.30878513    
   1.0770000       1.2495757      0.67308357    
   1.0830000      0.57070971      0.24643910    
   1.0890000      0.44318309      0.23207665    
   1.0950000       1.3253919      0.45371953    
   1.1010000       1.5584701      0.54126540    
   1.1070000       1.2549521      0.68259473    
   1.1130000      0.56179973      0.25041371    
   1.1190000      0.44172324      0.21862553    
   1.1250000      0.52271942      0.22243289    
   1.1310000      0.54648835      0.33776584    
   1.1370000      0.78487180      0.46207039    
   1.1430000      0.73535384      0.30799710    
   1.1490000      0.48028706      0.22055725    
   1.1550000      0.38523108      0.16428509    
   1.1610000      0.90955912      0.39677270    
   1.1670000      0.15945139      0.12009770    
   1.1730000      0.52923716      0.33934727    
   1.1790000      0.41125357      0.30748448    
   1.1850000      0.94343769      0.40773383    
   1.1910000      0.27931269      0.17184474    
   1.1970000      0.59881025      0.33456588    
