  0.60300000       0.0000000       0.0000000    
  0.60900000       0.0000000       0.0000000    
  0.61500000       0.0000000       0.0000000    
  0.62100000      0.73956388      0.52429137    
  0.62700000       6.5831159       1.3600814    
  0.63300000       12.796834       1.9854740    
  0.63900000       26.720977       3.4993843    
  0.64500000       37.166847       5.9478683    
  0.65100000       59.177292       5.8535251    
  0.65700000       67.360183       5.6652531    
  0.66300000       106.56425       8.2313843    
  0.66900000       122.46052       8.3683406    
  0.67500000       152.40758       9.7761116    
  0.68100000       177.13592       9.9051849    
  0.68700000       192.39623       10.046013    
  0.69300000       203.45952       10.224278    
  0.69900000       243.39929       10.943373    
  0.70500000       274.82342       11.285458    
  0.71100000       292.73265       12.568489    
  0.71700000       348.66427       13.168433    
  0.72300000       352.81081       12.318840    
  0.72900000       412.06743       15.689385    
  0.73500000       407.61287       14.215416    
  0.74100000       462.34102       13.065558    
  0.74700000       491.65968       13.007510    
  0.75300000       483.97835       12.750412    
  0.75900000       558.40550       14.159803    
  0.76500000       557.38026       13.040820    
  0.77100000       584.32006       12.782411    
  0.77700000       660.20542       13.615203    
  0.78300000       676.38555       13.467993    
  0.78900000       707.42772       14.558558    
  0.79500000       743.24018       13.715275    
  0.80100000       789.27803       14.279609    
  0.80700000       809.98975       14.264591    
  0.81300000       864.63630       14.435672    
  0.81900000       887.14308       14.214764    
  0.82500000       946.27875       14.275673    
  0.83100000       1007.6838       14.788561    
  0.83700000       1028.7277       15.037740    
  0.84300000       1117.5936       15.231596    
  0.84900000       1158.8460       15.406183    
  0.85500000       1227.6594       15.511181    
  0.86100000       1292.6857       15.987246    
  0.86700000       1358.3595       15.964924    
  0.87300000       1419.9406       16.479321    
  0.87900000       1500.6686       16.662358    
  0.88500000       1598.0441       16.709253    
  0.89100000       1703.0163       17.316841    
  0.89700000       1801.6418       17.516714    
  0.90300000       1916.4010       18.474547    
  0.90900000       1991.5952       18.733315    
  0.91500000       2139.7282       18.103404    
  0.92100000       2277.6159       18.476300    
  0.92700000       2399.4807       18.745454    
  0.93300000       2476.9597       18.732980    
  0.93900000       2672.3176       19.315043    
  0.94500000       2768.3270       19.184056    
  0.95100000       2912.5794       19.359494    
  0.95700000       3005.4668       19.456581    
  0.96300000       3074.1652       19.674481    
  0.96900000       3098.1337       19.430498    
  0.97500000       3160.5146       19.555529    
  0.98100000       3103.2079       19.918852    
  0.98700000       3042.7110       19.355747    
  0.99300000       2927.5178       19.090348    
  0.99900000       2812.2691       19.019366    
   1.0050000       2638.0859       18.634652    
   1.0110000       2498.1689       18.701120    
   1.0170000       2257.8968       18.361052    
   1.0230000       2007.6236       17.051670    
   1.0290000       1787.3883       16.824281    
   1.0350000       1544.4690       15.875414    
   1.0410000       1358.3914       14.699762    
   1.0470000       1101.2599       13.561918    
   1.0530000       963.61117       12.886141    
   1.0590000       790.07924       12.024701    
   1.0650000       637.61159       11.070999    
   1.0710000       543.98639       10.623742    
   1.0770000       440.95928       8.9243548    
   1.0830000       326.86031       7.6556052    
   1.0890000       289.62348       7.3411643    
   1.0950000       236.74489       6.5566285    
   1.1010000       193.34251       6.8912052    
   1.1070000       176.75427       5.8358849    
   1.1130000       138.76388       4.9747077    
   1.1190000       119.51404       4.8152796    
   1.1250000       102.45319       4.4663496    
   1.1310000       90.844888       4.1831632    
   1.1370000       87.690163       4.1550793    
   1.1430000       77.643905       3.9841783    
   1.1490000       71.512657       3.7893258    
   1.1550000       67.557552       3.5357355    
   1.1610000       60.920878       3.6322937    
   1.1670000       51.812851       3.1812960    
   1.1730000       47.129228       3.1025142    
   1.1790000       50.355754       3.1608990    
   1.1850000       39.944467       2.7972551    
   1.1910000       39.782854       2.8723746    
   1.1970000       36.021682       2.7281176    
